      0/99     1.68G    0.1036   0.06525   0.04106    0.2099         2       640   0.06292    0.1352   0.06522   0.01677   0.08661   0.06327    0.0388
      1/99     2.01G   0.08212   0.07267   0.03184    0.1866        12       640    0.7854    0.2327     0.257   0.08416   0.07286   0.05354   0.02642
      2/99     2.02G   0.07864   0.05861   0.02272      0.16        20       640     0.669    0.2932    0.2308   0.07762   0.07636   0.04582   0.02011
      3/99     2.02G    0.0767   0.05907    0.0187    0.1545        14       640     0.863    0.2861    0.3584    0.1468     0.062   0.04552   0.01653
      4/99     2.02G   0.07982     0.052    0.0176    0.1494         8       640    0.3776    0.3932    0.1857   0.05724   0.07784   0.03948   0.01651
      5/99     2.02G   0.08367   0.04692   0.01567    0.1463        10       640    0.7145     0.376    0.3115    0.1196   0.07201   0.03849   0.01378
      6/99     2.02G   0.08049   0.04549   0.01431    0.1403        17       640    0.2384    0.6084    0.3334    0.1203   0.07856    0.0346   0.01249
      7/99     2.02G   0.07848   0.04309   0.01356    0.1351         9       640    0.5597    0.4292    0.3929    0.1262   0.07837   0.03224   0.01018
      8/99     2.02G   0.07635   0.04198   0.01168      0.13        13       640    0.5266    0.3662    0.4412    0.1434   0.07305   0.03321  0.008717
      9/99     2.02G   0.07052   0.04076   0.01072     0.122         8       640    0.5332     0.648    0.5681     0.254   0.06236   0.03271  0.007246
     10/99     2.02G   0.06521    0.0463  0.009634    0.1211        18       640    0.4913     0.756    0.6685     0.312   0.05825   0.03248   0.00654
     11/99     2.02G   0.06219   0.04211  0.008839    0.1131         3       640    0.5125    0.7255    0.5967    0.2633    0.0646   0.02998  0.005694
     12/99     2.02G   0.06307   0.04308  0.007606    0.1138         5       640    0.6416    0.7436    0.7033    0.3777   0.05295   0.03022  0.005469
     13/99     2.02G   0.05984   0.04378  0.008092    0.1117        10       640     0.785    0.7096    0.7731    0.3866   0.05272   0.03022  0.005044
     14/99     2.02G   0.05686   0.04216  0.007708    0.1067         6       640    0.6538    0.8181    0.7516     0.356   0.05198   0.02885  0.004235
     15/99     2.02G   0.05571   0.04129  0.006901    0.1039         7       640     0.707      0.89    0.8393    0.4229   0.05136   0.02865  0.003848
     16/99     2.02G   0.05411   0.04019   0.00674     0.101        15       640    0.8696    0.8335    0.9144    0.4941   0.04612   0.02839  0.003492
     17/99     2.02G   0.05257   0.04046  0.006872    0.0999         3       640      0.72    0.8822    0.8602    0.3662   0.05146   0.02809  0.003444
     18/99     2.02G   0.05179   0.04054   0.00634   0.09867         2       640    0.6925    0.8736    0.7925    0.3184   0.05573   0.02786  0.002871
     19/99     2.02G   0.05537   0.04174  0.005638    0.1027         9       640    0.8748    0.8655    0.9323    0.5077   0.04808   0.02705  0.002683
     20/99     2.02G   0.05337   0.04024  0.005325   0.09893         6       640    0.8575    0.9025    0.9247    0.4841   0.04771   0.02755    0.0029
     21/99     2.02G   0.05034   0.04037    0.0059   0.09661         7       640    0.8067    0.9184    0.8837    0.4648    0.0466   0.02671  0.002729
     22/99     2.02G   0.04963   0.03801  0.004895   0.09253        25       640    0.8999    0.9319     0.952     0.514   0.04318   0.02725  0.002538
     23/99     2.02G   0.04779   0.03738  0.004437    0.0896         9       640    0.9123     0.931    0.9646    0.4894    0.0431   0.02713  0.002436
     24/99     2.02G   0.04876   0.03983  0.004937   0.09353         7       640    0.9055    0.9371    0.9593     0.489   0.04317    0.0261  0.002395
     25/99     2.02G   0.04959    0.0379  0.004549   0.09204        11       640    0.8982    0.9456    0.9717    0.4883   0.04395   0.02602  0.002407
     26/99     2.02G   0.04718   0.03742  0.004373   0.08897        13       640     0.866    0.9466    0.9409    0.5591   0.04033   0.02527  0.002263
     27/99     2.02G    0.0454    0.0384  0.004292   0.08809        13       640    0.9155    0.9408    0.9615    0.5236    0.0414   0.02641  0.002259
     28/99     2.02G   0.04451   0.03806  0.004805   0.08738         3       640    0.9143    0.9589    0.9652    0.5872   0.03704   0.02613  0.002337
     29/99     2.02G   0.04287   0.03699  0.004393   0.08425        13       640    0.9294    0.9273    0.9429    0.5157   0.03856   0.02568  0.002134
     30/99     2.02G   0.03999   0.03757  0.004161   0.08172         7       640    0.9144    0.8969    0.9653    0.5807   0.03536   0.02519  0.002118
     31/99     2.02G   0.03889   0.03807  0.004231   0.08118        15       640    0.9017    0.9199    0.9571    0.5645     0.033   0.02562  0.002133
     32/99     2.02G   0.04006   0.03845  0.004707   0.08322        10       640    0.9442    0.9344     0.973    0.5832   0.03213   0.02644  0.002116
     33/99     2.02G   0.03726   0.03539  0.003569   0.07621         3       640    0.9243    0.9673    0.9666     0.554   0.03293   0.02541   0.00199
     34/99     2.02G   0.03655   0.03732  0.004214   0.07808         8       640    0.9561    0.9772    0.9868    0.6274   0.02887   0.02463  0.002049
     35/99     2.02G   0.03761   0.03585   0.00358   0.07704        15       640    0.9591    0.9498    0.9729    0.5787   0.03038   0.02511  0.001929
     36/99     2.02G   0.03729   0.03624  0.003689   0.07722        12       640    0.9393    0.9715    0.9752    0.6035   0.02898   0.02548  0.001931
     37/99     2.02G   0.03553    0.0371  0.003619   0.07625        11       640    0.9142     0.962    0.9588    0.5689   0.03144   0.02501  0.001812
     38/99     2.02G   0.03423   0.03724  0.003694   0.07517        18       640     0.894    0.9566     0.945    0.6103   0.02725    0.0248  0.001836
     39/99     2.02G   0.03204   0.03541  0.004053    0.0715        24       640    0.9311    0.9699    0.9821    0.6229   0.02702   0.02489  0.001816
     40/99     2.02G   0.03452   0.03615  0.003625   0.07429        23       640    0.8889    0.9541    0.9554    0.5633   0.03054   0.02442  0.001665
     41/99     2.02G   0.03434   0.03522  0.003395   0.07296         8       640    0.9651    0.9779    0.9897    0.6433   0.02706   0.02412  0.001681
     42/99     2.02G   0.03082   0.03402  0.003383   0.06822         5       640    0.9506     0.966    0.9761    0.6294   0.02656   0.02356  0.001571
     43/99     2.02G   0.03157   0.03438  0.003672   0.06962        12       640    0.9811    0.9844    0.9866    0.6474    0.0259   0.02374  0.001587
     44/99     2.02G   0.03181   0.03469  0.003834   0.07033         9       640    0.9772    0.9806    0.9933    0.6633   0.02417   0.02344  0.001749
     45/99     2.02G   0.03005   0.03503  0.003888   0.06897        11       640    0.9806    0.9829    0.9892    0.6399   0.02465   0.02354  0.001621
     46/99     2.02G   0.03042   0.03508  0.003572   0.06907         5       640    0.9819    0.9887    0.9912    0.6791   0.02408   0.02294  0.001416
     47/99     2.02G   0.03302   0.03601  0.003937   0.07297         5       640    0.9486    0.9964    0.9888    0.6258   0.02622   0.02338  0.001482
     48/99     2.02G   0.03223   0.03343  0.003091   0.06875         4       640    0.9801    0.9922    0.9943     0.647   0.02474   0.02285   0.00157
     49/99     2.02G   0.03083   0.03265   0.00343   0.06691         3       640     0.976    0.9849     0.992    0.6517   0.02433    0.0233  0.001665
     50/99     2.02G   0.02855   0.03296  0.002967   0.06447        13       640    0.9806    0.9928    0.9919    0.6587    0.0242   0.02331  0.001421
     51/99     2.02G   0.02889   0.03116  0.002842   0.06289        16       640     0.984    0.9901    0.9911    0.6679   0.02392   0.02358  0.001447
     52/99     2.02G   0.03006   0.03537  0.003017   0.06845        23       640    0.9852    0.9829    0.9913    0.6883    0.0232   0.02325  0.001615
     53/99     2.02G   0.02845   0.03204  0.003041   0.06353         6       640    0.9756     0.991    0.9912      0.68   0.02226   0.02275   0.00163
     54/99     2.02G   0.02807   0.03233  0.002981   0.06337        11       640     0.977     0.993    0.9906    0.7031   0.02273   0.02224  0.001443
     55/99     2.02G   0.02793    0.0326  0.003068    0.0636        15       640    0.9816    0.9906     0.992    0.7175   0.02154   0.02221  0.001442
     56/99     2.02G   0.02865   0.03297   0.00328    0.0649        28       640    0.9804    0.9939    0.9908    0.6997   0.02102   0.02223  0.001481
     57/99     2.02G    0.0271   0.03216  0.002812   0.06207         4       640    0.9795         1    0.9922    0.6997   0.02125   0.02196  0.001445
     58/99     2.02G   0.02642   0.03179  0.002861   0.06106         4       640    0.9853    0.9987    0.9928    0.6914   0.02085    0.0213  0.001286
     59/99     2.02G   0.02709   0.03082  0.003089     0.061        16       640    0.9874    0.9977    0.9928    0.7179   0.02065   0.02131   0.00126
     60/99     2.02G   0.02719   0.03117  0.002548   0.06091         2       640    0.9795    0.9946    0.9924    0.7283   0.01959   0.02086  0.001271
     61/99     2.02G   0.02543    0.0298  0.002837   0.05807         2       640    0.9827    0.9893    0.9925    0.7112   0.02039   0.02087  0.001224
     62/99     2.02G   0.02554   0.02907  0.002831   0.05744        25       640    0.9756     0.996    0.9934    0.7236   0.02132   0.02098  0.001198
     63/99     2.02G   0.02624   0.03155  0.002608    0.0604        11       640    0.9703    0.9987    0.9929    0.7361   0.01934   0.02017   0.00116
     64/99     2.02G   0.02672   0.03049  0.002703   0.05992         4       640    0.9866    0.9891    0.9928     0.728   0.01984    0.0201  0.001192
     65/99     2.02G   0.02634   0.03059  0.002755   0.05969         6       640    0.9862    0.9962    0.9931    0.7465   0.01864   0.02012  0.001154
     66/99     2.02G    0.0246   0.02955  0.002533   0.05668        16       640    0.9862    0.9991    0.9933     0.749   0.01898   0.02011  0.001094
     67/99     2.02G   0.02427   0.03065  0.002308   0.05723        11       640    0.9722    0.9999    0.9927    0.7417   0.01883   0.01996  0.001037
     68/99     2.02G   0.02449   0.02885   0.00246    0.0558        18       640    0.9826    0.9888    0.9929    0.7504   0.01758   0.02015  0.001032
     69/99     2.02G   0.02414   0.02935  0.002146   0.05563        15       640    0.9835    0.9866    0.9931     0.755   0.01773    0.0203  0.001046
     70/99     2.02G   0.02324   0.03023    0.0022   0.05567        18       640    0.9764    0.9969    0.9934    0.7586   0.01747   0.01988 0.0009933
     71/99     2.02G   0.02382   0.02822  0.002183   0.05422         3       640    0.9869    0.9891    0.9929     0.732   0.01892   0.01969 0.0009624
     72/99     2.02G    0.0235   0.02785  0.002059   0.05342         9       640    0.9875     0.987    0.9933    0.7742   0.01711   0.01928 0.0009642
     73/99     2.02G   0.02339   0.02978  0.002318   0.05549        11       640    0.9798    0.9888    0.9937    0.7646    0.0178   0.01917 0.0009505
     74/99     2.02G   0.02289    0.0283  0.002428   0.05361         9       640    0.9876    0.9934     0.994     0.778   0.01634   0.01865 0.0009168
     75/99     2.02G   0.02187   0.02849   0.00221   0.05257        22       640    0.9857    0.9981    0.9942     0.772   0.01657   0.01863 0.0009297
     76/99     2.02G    0.0226   0.03059  0.002197    0.0554         9       640    0.9856    0.9966    0.9944    0.7709   0.01614   0.01854 0.0009205
     77/99     2.02G   0.02266   0.02967  0.002538   0.05487        13       640    0.9835         1    0.9946    0.7801   0.01626   0.01854 0.0009153
     78/99     2.02G   0.02255    0.0287  0.002421   0.05367        12       640    0.9846         1    0.9945    0.7816   0.01572   0.01822 0.0008792
     79/99     2.02G    0.0215   0.02819  0.001973   0.05166        20       640    0.9855     0.998    0.9943    0.7991   0.01565   0.01816 0.0008242
     80/99     2.02G   0.02213   0.02918  0.002398    0.0537         6       640    0.9864    0.9996    0.9948    0.7889   0.01565   0.01795 0.0007928
     81/99     2.02G   0.02251   0.02893   0.00219   0.05363         6       640    0.9865    0.9996    0.9945    0.7935    0.0157   0.01782 0.0007964
     82/99     2.02G   0.02113    0.0269  0.001949   0.04998        22       640    0.9875    0.9971    0.9943    0.8064    0.0146   0.01752 0.0008056
     83/99     2.02G   0.02095   0.02727   0.00179   0.05001        17       640    0.9869         1    0.9944    0.8126   0.01448   0.01763 0.0007933
     84/99     2.02G   0.02167   0.02807  0.001918   0.05167        15       640    0.9822         1    0.9947    0.8056   0.01475   0.01771 0.0007594
     85/99     2.02G   0.02152   0.02794  0.001844    0.0513         2       640    0.9829         1    0.9946    0.8236   0.01422   0.01746 0.0007565
     86/99     2.02G   0.02023   0.02785  0.001901   0.04998        12       640    0.9809         1    0.9948    0.8212   0.01405   0.01745 0.0007453
     87/99     2.02G   0.02046   0.02633  0.002238   0.04903        17       640    0.9868    0.9971    0.9951    0.8152   0.01389    0.0177 0.0007487
     88/99     2.02G   0.02074   0.02603  0.001926   0.04869         6       640    0.9865    0.9971    0.9948    0.8139   0.01436   0.01772 0.0007343
     89/99     2.02G   0.02048   0.02775  0.002171    0.0504        12       640    0.9871     0.995    0.9946      0.81   0.01409   0.01769 0.0007189
     90/99     2.02G   0.01944   0.02536  0.001403   0.04621        17       640    0.9852    0.9969    0.9942     0.814   0.01443   0.01764 0.0007086
     91/99     2.02G   0.02022   0.02718  0.001883   0.04928        30       640    0.9853    0.9977    0.9938    0.8023   0.01431   0.01748 0.0007067
     92/99     2.02G   0.02036   0.02643  0.001651   0.04845         4       640     0.985    0.9973    0.9936    0.8167   0.01378   0.01755 0.0007028
     93/99     2.02G   0.01949   0.02636  0.001503   0.04735         6       640    0.9862    0.9941    0.9934    0.8127   0.01373   0.01732 0.0006909
     94/99     2.02G   0.01992   0.02627  0.001973   0.04816        11       640    0.9851    0.9944    0.9938    0.8266   0.01356   0.01721 0.0006946
     95/99     2.02G   0.01939   0.02739  0.001877   0.04865        10       640    0.9856    0.9915     0.994     0.826   0.01348   0.01709 0.0006991
     96/99     2.02G   0.01993   0.02636    0.0022   0.04849         5       640    0.9875    0.9932    0.9948    0.8204   0.01351     0.017 0.0007128
     97/99     2.02G   0.01953   0.02659  0.001927   0.04805         3       640     0.977         1    0.9947    0.8248   0.01303   0.01669 0.0007151
     98/99     2.02G   0.01911   0.02548  0.001942   0.04654        11       640    0.9828    0.9914    0.9947    0.8402   0.01294    0.0167  0.000713
     99/99     2.02G   0.01924   0.02767  0.001842   0.04875        29       640    0.9736         1    0.9945    0.8434   0.01294   0.01674 0.0007072
