2 0.384331 0.494992 0.258848 0.979967
2 0.161746 0.139399 0.038765 0.175292
2 0.013035 0.131886 0.026070 0.200334
2 0.133611 0.136617 0.055021 0.190874
2 0.503751 0.152755 0.065025 0.265442
3 0.440843 0.611853 0.083365 0.066778
3 0.515871 0.193100 0.025010 0.019477
3 0.016294 0.180509 0.017194 0.016694
3 0.131181 0.169553 0.018757 0.009391
3 0.164788 0.196160 0.025010 0.020868
0 0.394335 0.165275 0.088784 0.213689
0 0.012378 0.063439 0.015006 0.028937
1 0.163686 0.066778 0.020841 0.033389
1 0.132424 0.060100 0.018340 0.024485