2 0.935142 0.664475 0.125000 0.671050
2 0.715802 0.626976 0.191038 0.734572
2 0.443396 0.636420 0.150943 0.707287
2 0.120873 0.646914 0.211085 0.698892
2 0.266509 0.639569 0.127358 0.705189
1 0.979363 0.410802 0.041274 0.142717
1 0.174528 0.392962 0.066038 0.161606
1 0.270047 0.356234 0.073113 0.134322
1 0.280071 0.239752 0.069575 0.098642
0 0.712264 0.349938 0.096698 0.172100
0 0.455189 0.360431 0.075472 0.138519
0 0.613797 0.213517 0.076651 0.146914
0 0.717571 0.153702 0.083726 0.132223
0 0.330189 0.186233 0.075472 0.151112
3 0.117335 0.825310 0.097877 0.065062
3 0.280071 0.786483 0.086085 0.062963
3 0.456368 0.782285 0.063679 0.033580
3 0.707547 0.800125 0.096698 0.052469
3 0.971698 0.813767 0.056604 0.033580