2 0.709864 0.479967 0.182706 0.545910
2 0.348157 0.629382 0.362942 0.714524
2 0.224090 0.608514 0.314797 0.769616
2 0.107430 0.419866 0.175299 0.465776
0 0.714802 0.257095 0.064194 0.090150
0 0.375316 0.364775 0.135795 0.208681
0 0.235200 0.303005 0.104932 0.155259
0 0.100023 0.238731 0.064194 0.066778
0 0.477779 0.245409 0.054318 0.086811
0 0.570984 0.191152 0.053083 0.095159
0 0.779614 0.204508 0.062959 0.095159
3 0.694433 0.493322 0.092587 0.035058
3 0.314825 0.883139 0.162954 0.046745
3 0.174093 0.799666 0.108636 0.053422