2 0.825472 0.479623 0.349057 0.803450
2 0.593750 0.468949 0.310142 0.646253
2 0.451651 0.404906 0.271226 0.522049
2 0.337264 0.385499 0.221698 0.425013
3 0.712854 0.645553 0.064858 0.052399
3 0.489387 0.555310 0.058962 0.046577
3 0.363797 0.520377 0.029481 0.034933
3 0.261203 0.463127 0.024764 0.025229
3 0.214623 0.425283 0.023585 0.019407
3 0.169811 0.409757 0.025943 0.019407
3 0.115566 0.401024 0.023585 0.021348
0 0.847877 0.184636 0.084906 0.151375
0 0.640330 0.197251 0.068396 0.102857
0 0.489387 0.201132 0.082547 0.095094
0 0.386203 0.214717 0.045991 0.095094
0 0.262972 0.228302 0.044811 0.064043