2 0.932783 0.737845 0.125000 0.494467
2 0.720519 0.700290 0.110849 0.465258
2 0.542453 0.712808 0.106132 0.461085
2 0.400354 0.712808 0.114387 0.498639
2 0.264741 0.715938 0.093160 0.488208
2 0.143278 0.703420 0.071934 0.521589
2 0.057783 0.617879 0.066038 0.488208
1 0.941038 0.554245 0.042453 0.093886
1 0.719929 0.532339 0.050708 0.083454
1 0.537736 0.520864 0.037736 0.073022
1 0.406840 0.530252 0.040094 0.070936
1 0.262972 0.529209 0.047170 0.093886
1 0.146226 0.529209 0.047170 0.093886
1 0.074292 0.479136 0.049528 0.085541
1 0.833726 0.490611 0.044811 0.066763
3 0.967571 0.788960 0.053066 0.033382
3 0.737618 0.750363 0.048349 0.018777
3 0.546580 0.738888 0.055425 0.029209
3 0.397995 0.737845 0.057783 0.027123
3 0.255307 0.753492 0.053066 0.029209
3 0.127948 0.753492 0.048349 0.029209
3 0.053066 0.665865 0.044811 0.033382
3 0.858491 0.686729 0.047170 0.037554