0 0.597288 0.134325 0.097877 0.169715
0 0.834906 0.164069 0.087264 0.145220
0 0.325472 0.164069 0.073113 0.113727
0 0.227594 0.143073 0.049528 0.082233
0 0.070165 0.151821 0.038915 0.075235
0 0.133255 0.143073 0.035377 0.078734
0 0.184552 0.145698 0.038915 0.076984
0 0.451651 0.158820 0.037736 0.075235
2 0.850236 0.432639 0.205189 0.692858
2 0.594340 0.501750 0.259434 0.915062
2 0.340212 0.387148 0.152123 0.605376
2 0.231722 0.329410 0.093160 0.475902
2 0.065448 0.268173 0.079009 0.318435
3 0.647406 0.570860 0.068396 0.020996