2 0.481719 0.605175 0.160876 0.505843
2 0.711455 0.504174 0.142595 0.377295
2 0.861363 0.367279 0.088970 0.263773
2 0.949723 0.303005 0.060938 0.202003
2 0.398233 0.494992 0.118220 0.352254
0 0.492687 0.420701 0.053625 0.093489
0 0.723033 0.357262 0.060938 0.076795
0 0.859535 0.269616 0.034125 0.055092
0 0.414077 0.356427 0.047532 0.068447
0 0.562766 0.281302 0.047532 0.045075
3 0.450031 0.651920 0.070688 0.028381
3 0.691955 0.549249 0.062157 0.020033
3 0.852831 0.398998 0.045094 0.016694
3 0.374468 0.551753 0.034125 0.015025