2 0.068681 0.646912 0.137362 0.696160
2 0.198635 0.582638 0.152558 0.661102
2 0.459360 0.659432 0.261349 0.667780
2 0.871296 0.671119 0.257408 0.641068
0 0.885146 0.434057 0.100038 0.150250
0 0.486870 0.439065 0.081281 0.136895
0 0.037419 0.383139 0.074838 0.135225
0 0.253656 0.275459 0.060023 0.083472
0 0.618795 0.338063 0.075029 0.101836
0 0.713831 0.340568 0.060023 0.110184
0 0.518757 0.275459 0.062524 0.073456
0 0.415593 0.249583 0.036264 0.058431
0 0.063584 0.207012 0.027510 0.056761
3 0.060458 0.787145 0.108791 0.028381
3 0.201762 0.615192 0.063774 0.031720