2 0.794811 0.565720 0.233491 0.834543
2 0.900354 0.492698 0.133255 0.504898
2 0.518868 0.537554 0.150943 0.673893
2 0.216392 0.536511 0.178066 0.667634
2 0.346698 0.408200 0.070755 0.365112
2 0.410967 0.496870 0.100236 0.563316
2 0.652123 0.443668 0.091981 0.394321
3 0.186321 0.538598 0.089623 0.029209
3 0.339078 0.431639 0.038099 0.022468
3 0.415729 0.523920 0.048077 0.033703
3 0.495555 0.560030 0.055334 0.038517
3 0.639332 0.457317 0.048984 0.022468
3 0.757257 0.521513 0.065312 0.022468
3 0.880624 0.542376 0.039913 0.044937
1 0.212854 0.269458 0.060142 0.100145
1 0.343750 0.273630 0.029481 0.066763
1 0.422170 0.263198 0.044811 0.087627
1 0.511203 0.253810 0.053066 0.110577
1 0.653302 0.291364 0.033019 0.077195
1 0.762972 0.213126 0.066038 0.116836
1 0.886792 0.290321 0.037736 0.083454