2 0.876393 0.702838 0.137552 0.504174
2 0.668814 0.716194 0.145055 0.534224
2 0.142989 0.558431 0.091285 0.492487
2 0.425597 0.530885 0.098788 0.457429
2 0.287419 0.492487 0.095036 0.387312
1 0.893275 0.489983 0.061273 0.085142
1 0.661311 0.417362 0.055021 0.076795
1 0.444979 0.376461 0.050019 0.081803
1 0.306802 0.345576 0.033763 0.053422
1 0.073588 0.294658 0.047518 0.058431
1 0.027415 0.624374 0.054831 0.133556
1 0.392459 0.238731 0.035013 0.046745
1 0.909531 0.305509 0.033763 0.040067
1 0.709455 0.285476 0.018757 0.040067
1 0.603164 0.376461 0.038765 0.075125
0 0.696325 0.520868 0.077529 0.110184
0 0.172375 0.368114 0.080030 0.088481
0 0.124232 0.320534 0.061273 0.076795
0 0.850758 0.318030 0.031262 0.051753
0 0.585032 0.263773 0.030011 0.043406
0 0.319932 0.272120 0.040015 0.053422
3 0.886397 0.735392 0.047518 0.025042
3 0.701952 0.805509 0.071277 0.038397
3 0.422471 0.580968 0.060023 0.023372
3 0.286169 0.518364 0.057522 0.025042
3 0.152993 0.608514 0.073778 0.031720
3 0.047953 0.462437 0.053770 0.023372
3 0.775105 0.437396 0.040015 0.023372
3 0.846382 0.431553 0.047518 0.021703
3 0.918284 0.398164 0.033763 0.018364
3 0.500625 0.328047 0.028761 0.021703
3 0.381830 0.331386 0.023759 0.025042
3 0.592535 0.565109 0.045017 0.028381