2 0.213016 0.642738 0.218833 0.647746
2 0.871391 0.478297 0.155059 0.465776
2 0.672566 0.373957 0.095036 0.370618
2 0.553145 0.349750 0.096287 0.382304
2 0.760099 0.414023 0.107541 0.390651
1 0.200511 0.378965 0.091285 0.106845
1 0.778856 0.272955 0.057522 0.075125
1 0.555021 0.205342 0.050019 0.066778
1 0.666313 0.231219 0.047518 0.068447
1 0.753847 0.045075 0.040015 0.060100
0 0.870141 0.307179 0.070027 0.100167
3 0.180504 0.637730 0.078780 0.043406
3 0.857011 0.468280 0.056271 0.031720
3 0.765101 0.412354 0.045017 0.023372
3 0.679443 0.393155 0.038765 0.025042
3 0.556271 0.380634 0.045017 0.023372
3 0.326184 0.504174 0.030011 0.023372