2 0.895637 0.660040 0.114387 0.410630
2 0.622642 0.698998 0.113208 0.568565
2 0.205189 0.662146 0.212264 0.646479
2 0.375000 0.615819 0.080189 0.402207
2 0.522995 0.650564 0.069575 0.357985
2 0.711085 0.592655 0.040094 0.267436
0 0.908608 0.496841 0.045991 0.080020
0 0.620873 0.477889 0.057783 0.084232
0 0.533608 0.504212 0.034198 0.061068
0 0.377948 0.485259 0.038915 0.073703
0 0.208726 0.429456 0.080189 0.168464
3 0.606132 0.726373 0.070755 0.033693
3 0.521226 0.620030 0.047170 0.023164
3 0.357311 0.660040 0.028302 0.035799
3 0.153302 0.856932 0.080189 0.042116
3 0.693986 0.631612 0.020047 0.025270
3 0.905071 0.688469 0.055425 0.037904